Length =25 Height =150 Aspect =6
2028
0.740373	1.234602	0.746524
0.675726	2.649326	0.675918
0.731412	4.040007	0.891093
0.733799	5.499671	0.733721
0.751904	6.985231	0.751903
0.650643	8.384100	0.650641
0.667986	9.702602	0.667998
0.729114	13.224700	0.729059
0.660638	14.619430	0.660691
0.697529	15.977090	0.697513
0.686895	17.414340	0.686895
0.708255	18.832040	0.708133
0.671832	20.392200	0.671832
0.691854	21.832180	0.692583
0.758614	23.284970	0.758608
0.742082	2.247818	2.035917
0.659236	3.634395	2.237620
0.695531	4.977879	2.064245
0.673198	6.361459	2.038481
0.727886	7.778467	2.001199
0.691734	9.196362	1.931458
0.713949	11.083760	0.713942
0.694389	14.048270	1.890013
0.631785	15.357560	2.100115
0.681500	16.655120	1.898320
0.755227	18.089950	1.969391
0.755057	19.600050	1.953509
0.721901	21.076140	1.888407
0.661464	22.459270	1.913954
0.724567	24.100660	2.054482
0.755751	0.755658	2.164781
0.716428	2.919875	3.413182
0.674248	4.316511	3.384702
0.726281	5.713238	3.280971
0.672339	7.120301	3.237096
0.662717	8.579169	3.142514
0.654930	10.542420	1.971217
0.701860	12.137540	1.659470
0.656444	14.583860	3.130118
0.645148	15.873710	3.304432
0.723596	17.236970	3.177329
0.641917	18.898710	3.166791
0.733024	20.394050	3.211784
0.646564	21.769160	3.320976
0.725563	23.127670	3.129333
0.765345	0.998467	3.674085
0.700788	2.138676	4.595811
0.746368	3.591569	4.719543
0.725981	5.058028	4.582322
0.708260	7.934337	4.352372
0.631339	9.871303	3.072056
0.725980	11.510420	2.956002
0.739271	12.970630	2.835390
0.754160	15.107820	4.489035
0.745667	16.607440	4.504800
0.738922	18.085700	4.369665
0.763179	19.584280	4.469857
0.725371	21.072280	4.502729
0.750549	22.547980	4.486701
0.763882	24.050620	4.298214
0.669528	0.826984	5.100398
0.649060	1.974003	5.935746
0.705393	4.457949	5.892917
0.708006	5.866049	5.770758
0.723381	6.509558	4.492204
0.667102	9.316550	4.276848
0.724857	10.704530	4.162382
0.651215	12.227650	4.139930
0.753426	13.633930	4.172513
0.716475	15.876330	5.770929
0.711800	17.465250	5.683065
0.658054	18.835050	5.677486
0.694506	20.338230	5.718113
0.637430	21.720460	5.701305
0.658459	23.314920	5.668575
0.716389	0.723158	6.483433
0.722899	3.196021	6.561898
0.643544	5.261313	6.979466
0.704529	7.312330	5.673007
0.688956	8.698195	5.522297
0.740047	10.127200	5.508693
0.722400	11.591130	5.357252
0.648278	13.193300	5.503048
0.653652	14.472460	5.745264
0.689797	15.091330	6.937613
0.641414	16.735370	6.822545
0.643445	18.190920	6.829093
0.671264	19.523770	6.814421
0.666642	21.097930	6.847535
0.755237	22.522790	6.839395
0.721909	0.724255	7.922234
0.632930	1.881381	7.214545
0.683047	3.216001	7.967749
0.764368	6.678949	6.998365
0.719936	8.154268	6.821959
0.652283	9.548615	6.775102
0.686416	10.923530	6.692577
0.744366	12.352180	6.612835
0.638170	13.723260	6.798875
0.638837	14.247440	7.963702
0.674209	16.026280	7.930701
0.663687	17.435650	7.925326
0.712386	18.842170	8.018488
0.735466	20.290480	7.993809
0.642662	21.732860	7.992680
0.633203	23.917010	6.925714
0.676628	0.676706	9.320335
0.665465	1.981163	8.509576
0.681012	4.578167	8.114260
0.654773	5.916615	8.195400
0.674585	7.594663	8.108316
0.694563	8.958282	7.985674
0.645430	10.293410	7.866126
0.697731	11.648830	7.871650
0.628940	12.985770	7.831374
0.673856	13.487640	9.034029
0.674113	15.132220	8.940747
0.664152	16.735470	9.065653
0.724395	18.110970	9.255236
0.658453	20.905450	9.244715
0.711290	22.275130	9.233845
0.697296	23.164970	8.142041
0.696603	0.771946	10.690410
0.724632	1.952634	9.899349
0.755334	3.761934	9.298731
0.655037	5.204223	9.294542
0.754358	6.831609	9.316439
0.697173	8.339736	9.260420
0.755489	9.789771	9.173579
0.689229	11.234260	9.195085
0.697332	12.426700	9.902514
0.756434	14.375830	10.155100
0.733987	15.866320	10.160780
0.736257	18.781980	10.552590
0.703292	19.541840	9.249648
0.712398	23.238400	10.870630
0.755891	23.721740	9.484229
0.634042	0.684320	12.018170
0.635858	1.980024	11.259660
0.709988	3.178046	10.645220
0.703691	4.584597	10.503740
0.653731	5.938387	10.404930
0.653383	7.680716	10.439260
0.708454	9.095245	10.476270
0.753853	10.560620	10.471200
0.724476	11.846530	11.200450
0.684911	13.248300	11.053390
0.681624	15.137490	11.374880
0.742029	17.304950	10.491660
0.758686	20.276420	10.514590
0.758060	21.789400	10.620480
0.749851	22.362780	12.041960
0.755464	0.755822	13.408380
0.647652	1.856422	12.537270
0.682895	4.009215	11.765270
0.688310	5.380474	11.700990
0.733299	6.788066	11.501200
0.709732	8.302203	11.652430
0.760864	9.813709	11.788870
0.645504	11.102990	12.351010
0.662556	12.707760	12.287660
0.747110	14.114820	12.372590
0.671994	16.466750	11.630460
0.749907	17.984980	11.826850
0.725955	19.535160	11.805850
0.686677	20.947720	11.794590
0.660033	24.029670	11.991980
0.734563	0.734787	14.898990
0.718557	2.148190	13.890880
0.716053	3.174515	12.887880
0.750683	6.049950	13.000410
0.665117	7.446391	12.734910
0.726695	8.896653	12.960040
0.663198	10.236000	13.331250
0.735509	11.935370	13.452960
0.649603	13.322030	13.522510
0.702807	15.526130	12.704810
0.633427	16.851070	12.878020
0.639061	18.078710	13.212780
0.645738	19.362650	13.166630
0.656411	20.663410	13.107110
0.643197	21.936390	13.368470
0.691990	2.103699	15.300590
0.748343	3.556004	14.301690
0.705725	4.593645	13.024980
0.694309	6.545248	14.471760
0.737389	7.923461	14.053730
0.759737	9.342241	14.543510
0.724295	10.943980	14.524470
0.669118	12.308410	14.807110
0.671199	14.624510	13.742270
0.632322	15.912360	13.982840
0.630006	17.171360	14.100180
0.627852	18.739650	14.293850
0.688246	20.055660	14.306450
0.662555	21.384020	14.551610
0.719989	23.287060	13.184820
0.636680	0.637265	16.268030
0.673565	3.215257	16.093800
0.643291	4.357879	15.438860
0.712792	5.144564	14.332180
0.640604	7.534067	15.375410
0.746864	8.778569	15.988700
0.701569	10.206210	15.744580
0.652280	11.545120	15.944810
0.714038	13.691730	14.838220
0.694009	15.087460	15.026880
0.665040	16.439220	15.168390
0.757114	17.849120	15.354680
0.729110	19.325960	15.521400
0.641513	20.689910	15.656370
0.631667	22.696280	14.407250
0.692067	24.033750	14.393940
0.714558	4.413418	16.795480
0.630653	5.623038	15.587690
0.727226	6.678246	16.442250
0.704039	7.918232	17.156980
0.643537	8.948003	18.026120
0.644130	9.731235	17.004060
0.650440	11.068130	17.157090
0.730531	12.922670	16.064720
0.741024	14.379030	16.275120
0.724077	15.836860	16.420090
0.648987	17.197430	16.604450
0.713799	18.553400	16.739950
0.665123	19.932010	16.777000
0.639549	21.970000	15.714370
0.748119	23.356740	15.665040
0.750253	1.943482	16.734210
0.680769	3.181851	17.451230
0.746952	5.679148	17.526040
0.715004	6.970239	18.212980
0.684612	8.104395	19.051880
0.686108	10.262800	18.223830
0.662497	11.599630	18.401130
0.653956	12.371380	17.334670
0.656651	13.673700	17.481900
0.700752	15.029920	17.596620
0.663611	16.390890	17.692350
0.641989	17.700770	17.797900
0.726231	19.061370	18.087340
0.687272	21.287820	16.852330
0.688055	22.661070	16.937500
0.650022	23.998940	16.906930
0.669061	0.767353	17.598400
0.633082	2.034467	18.132810
0.638218	4.402607	18.157020
0.735506	5.490448	18.996320
0.746594	6.812115	19.666820
0.764398	9.363871	19.768290
0.692947	10.795480	19.495850
0.661462	12.145250	19.607420
0.648513	12.904570	18.536520
0.671108	14.214510	18.699880
0.681682	15.545580	18.942220
0.742540	16.969410	18.973930
0.716228	18.376920	19.357000
0.731892	20.518820	18.045020
0.674658	21.924820	18.084280
0.643697	23.356070	18.093990
0.754705	0.754608	19.033240
0.637667	3.277131	18.766180
0.737325	4.229785	19.757630
0.761320	5.535938	20.492610
0.691216	8.058784	20.427420
0.627812	9.211492	21.152120
0.649503	11.241030	20.762210
0.661831	12.548040	20.868460
0.708058	13.488820	19.872700
0.658634	14.867010	20.098060
0.726114	16.250350	20.254490
0.631463	17.652460	20.499310
0.722033	19.224670	20.518780
0.669969	19.819220	19.260000
0.745467	21.232490	19.338500
0.661572	22.654040	19.204370
0.697355	24.129550	19.189970
0.672137	0.683436	20.458410
0.706315	2.143159	19.487500
0.692408	3.044717	20.557240
0.673670	4.263526	21.174160
0.690253	6.853016	21.103020
0.717866	8.053902	21.838250
0.629332	10.351820	21.681290
0.711350	11.679780	22.051720
0.706890	14.033730	21.179880
0.717807	15.433410	21.445120
0.692788	16.840290	21.545310
0.749243	18.382620	21.725230
0.656070	19.801870	21.770280
0.715073	20.651840	20.686950
0.722358	22.081260	20.535930
0.685121	23.483160	20.411970
0.692150	0.692226	21.911760
0.666338	1.839974	21.185260
0.709389	2.978407	21.957440
0.724817	5.411058	21.973480
0.744207	6.768529	22.534940
0.694684	9.305569	22.492820
0.701831	10.611750	22.986820
0.638845	13.030200	22.076450
0.758389	14.514670	22.610510
0.666506	16.061390	22.678920
0.700718	17.422180	22.811440
0.632259	19.152040	22.883570
0.732048	20.581180	22.919010
0.692454	21.487240	21.819900
0.753951	22.931570	21.742980
0.645454	0.645651	23.276450
0.664454	1.823964	22.702200
0.630904	3.086219	23.294330
0.659288	4.181744	22.609460
0.631295	5.614581	23.314290
0.710981	8.026442	23.268550
0.687096	9.286831	23.874440
0.720732	10.589220	24.409220
0.702247	11.849380	23.649820
0.659295	15.732700	23.963320
0.681110	17.060690	24.145110
0.665258	18.392240	23.936550
0.700241	19.749790	24.085220
0.636576	21.377520	24.032150
0.685637	22.223820	23.011260
0.713289	23.711710	22.989190
0.714023	0.714150	24.637970
0.688298	1.988708	24.045020
0.670602	3.235198	24.587440
0.698189	4.442425	23.941650
0.734063	6.787604	24.013020
0.675264	8.055425	24.664810
0.721184	9.318169	25.282320
0.696598	11.854960	25.048620
0.724859	13.257970	23.420970
0.682746	16.175640	25.248240
0.673167	17.747510	25.312260
0.698126	20.651530	25.156620
0.740471	22.089130	25.211050
0.635062	22.957930	24.120380
0.631465	0.773910	26.104020
0.695506	1.922954	25.427290
0.667226	3.198643	25.924860
0.680421	4.448318	25.320220
0.629643	5.582357	24.657010
0.678297	6.884156	25.422010
0.698828	8.115882	26.037830
0.758027	10.667370	25.888570
0.745639	12.802010	26.136300
0.657758	14.429690	24.154830
0.721382	15.482750	26.627960
0.676460	19.097000	25.297240
0.711373	19.958660	26.385140
0.719799	21.385890	26.490800
0.755448	23.574380	25.389220
0.633058	0.773501	27.369820
0.629661	1.875631	26.751590
0.687176	3.105375	27.276150
0.675185	4.325910	26.670250
0.698172	5.648990	26.088950
0.707504	6.870668	26.807690
0.704572	9.403685	26.705800
0.670045	11.635500	26.938300
0.687999	13.989300	26.939730
0.652971	13.255150	24.799370
0.733088	16.926750	26.454100
0.633517	18.570690	26.496810
0.728260	19.298370	27.664390
0.666808	20.693120	27.692150
0.632765	22.738990	26.527490
0.724962	0.725193	28.730970
0.690738	1.976123	28.068130
0.690003	3.228899	28.648540
0.685513	4.454795	28.024770
0.657390	5.680446	27.475760
0.761706	8.167921	27.497400
0.715601	10.453940	27.661990
0.652799	12.801830	27.562320
0.655301	14.936880	27.891740
0.757359	14.449950	25.569760
0.756718	16.347450	27.826660
0.738109	17.832080	27.652530
0.658178	19.894510	28.947800
0.688410	22.047670	27.733770
0.729804	23.465360	27.695870
0.755144	0.755123	30.210910
0.750027	2.109674	29.554610
0.631956	4.355089	29.340750
0.691575	5.576916	28.822850
0.725408	6.868786	28.240550
0.659349	8.068739	28.931670
0.666883	9.280716	28.393210
0.694535	11.695280	28.331070
0.681174	13.747920	28.502680
0.761231	14.351660	29.842950
0.701147	15.597100	29.076560
0.637863	17.246270	28.897510
0.674060	18.565230	28.859740
0.715523	21.276570	28.945300
0.754323	22.747980	28.995070
0.741056	24.242450	28.944680
0.737633	2.002843	31.038430
0.743451	3.390826	30.322150
0.741620	5.389961	30.243890
0.685929	6.685762	29.639930
0.661830	7.891975	30.241000
0.739110	9.250421	29.897240
0.711402	10.468620	29.092140
0.644872	12.970910	29.577220
0.731598	13.728570	31.199520
0.677801	16.587210	30.036200
0.639402	17.903680	29.994340
0.641041	19.177760	30.122460
0.741609	20.557510	30.212630
0.764107	22.057190	30.347170
0.663008	23.523650	30.182740
0.662864	0.713695	31.662090
0.706379	3.259635	31.875810
0.631292	4.428472	31.223910
0.631629	5.549276	31.807410
0.684804	6.594819	31.007580
0.642764	9.111710	31.272450
0.755031	10.617150	30.551170
0.638002	11.690970	29.663730
0.709893	12.329970	30.850540
0.754545	15.210920	31.092640
0.740509	16.662110	31.452480
0.765921	18.166480	31.374780
0.751583	19.683180	31.423050
0.747729	21.174830	31.574730
0.658301	22.593610	31.664500
0.644161	23.876820	31.441510
0.724139	1.972386	32.499960
0.636018	2.906552	33.488790
0.661563	4.468078	32.516830
0.694161	6.746586	32.378790
0.647379	7.812540	31.547780
0.638922	8.477361	32.648950
0.678694	10.285800	31.946070
0.751000	11.698220	32.167770
0.740849	14.510550	32.448300
0.644195	15.887250	32.600000
0.709446	16.601690	33.754180
0.689416	17.453050	32.643740
0.727586	18.871960	32.691080
0.708014	20.306570	32.743140
0.662513	21.896530	32.786360
0.684756	23.289420	32.813230
0.739910	0.739867	33.290310
0.644506	1.816457	34.160670
0.741886	4.222116	33.898540
0.727275	5.649872	33.284150
0.717750	7.489866	33.579210
0.676646	9.688483	33.162690
0.692554	11.028000	33.446420
0.674360	13.095320	32.454790
0.702649	13.730860	33.692610
0.730371	15.161870	33.767540
0.739243	17.291640	35.028200
0.677256	18.085680	33.855210
0.666907	19.555270	33.909500
0.725367	21.110210	33.929990
0.693712	22.540900	33.979710
0.656853	0.711038	34.851290
0.696009	1.975653	35.491690
0.642745	3.093347	34.754000
0.629439	5.390870	34.615900
0.634396	6.654405	34.642350
0.735951	8.724232	34.350460
0.647793	10.106250	34.419510
0.647324	11.624960	34.647700
0.659448	12.373720	33.576590
0.646379	12.913510	34.767010
0.716495	15.836030	35.047720
0.633188	17.925610	36.245430
0.749139	18.779600	35.101410
0.722690	20.251440	35.112130
0.741913	21.707510	35.270150
0.699333	23.944230	34.032590
0.760082	0.760187	36.293490
0.641982	3.192123	36.048770
0.676641	4.288028	35.315520
0.740486	5.994278	35.848380
0.725716	7.753639	35.443340
0.653925	9.264166	35.636570
0.764820	10.689890	35.705910
0.693984	12.148450	35.882820
0.723564	13.562070	35.991830
0.649565	14.469270	34.961060
0.651687	16.558040	36.209910
0.760898	18.726060	37.488540
0.655672	19.504240	36.304870
0.683184	20.839650	36.400480
0.736360	23.185680	35.256150
0.763328	2.118129	36.984280
0.700190	3.686206	37.296640
0.643122	4.792992	36.534840
0.630965	7.114147	36.640030
0.683150	8.427591	36.680510
0.721339	9.813750	36.906310
0.736549	11.336080	37.061110
0.692175	12.761420	37.159440
0.690685	14.138670	37.283520
0.699185	15.007880	36.197580
0.737146	17.229340	37.425720
0.725217	19.326990	38.847730
0.642478	20.127760	37.558210
0.629446	22.531230	36.454950
0.707852	23.870860	36.527460
0.661279	0.841748	37.712520
0.663497	2.733103	38.271880
0.639207	4.923039	37.810540
0.662055	6.198521	37.552960
0.669930	7.488033	37.886620
0.693615	8.847574	37.991820
0.735732	10.434020	38.224740
0.750832	11.957430	38.412470
0.692093	13.399840	38.452410
0.645151	15.010400	38.295700
0.651286	15.824200	37.286560
0.709051	17.899670	38.707170
0.691802	20.740840	38.754220
0.642049	21.694950	37.412730
0.697957	23.065760	37.679850
0.651229	0.651146	39.011120
0.658315	1.924927	39.317780
0.646248	3.978405	38.682650
0.708962	5.269057	39.113510
0.643666	6.661019	38.980070
0.698025	8.016605	39.148420
0.701257	9.434517	39.257180
0.647672	10.949450	39.508540
0.645615	12.215290	39.784880
0.646205	14.343460	39.401440
0.721667	15.618510	39.896670
0.747014	16.361830	38.629970
0.663335	18.525950	39.985510
0.660650	21.451970	39.905870
0.677490	22.107200	38.666180
0.699317	23.833930	38.857870
0.742801	0.799531	40.397220
0.687573	3.223970	39.782590
0.629688	4.458507	40.242030
0.698655	5.773835	40.427470
0.717566	7.188520	40.306400
0.727597	8.627842	40.436670
0.679765	10.056110	40.490380
0.634535	11.348880	40.727230
0.652795	13.406600	40.301160
0.647171	14.699470	40.912210
0.723698	16.288630	41.177270
0.758171	17.103650	39.939670
0.666174	20.127540	39.985770
0.761473	22.202560	41.200130
0.718691	22.830850	39.860070
0.711756	0.711707	41.849100
0.642697	2.170833	40.595290
0.752900	3.426334	41.218680
0.680892	6.527103	41.583170
0.687372	7.893885	41.646490
0.717017	9.343472	41.691650
0.660457	10.711260	41.854320
0.632424	12.047250	41.784360
0.708156	13.382750	41.661790
0.742317	15.569130	42.454630
0.698138	17.854740	41.187350
0.748236	19.326510	41.151510
0.676172	20.757060	41.174240
0.729600	21.375600	42.440690
0.643802	23.577280	41.491490
0.727187	0.730955	43.287870
0.726833	2.145642	41.964510
0.749599	4.886311	41.575280
0.731024	7.146144	42.853330
0.677020	8.554034	42.840530
0.679088	9.956419	42.961100
0.680969	11.319490	43.049860
0.751189	12.749660	42.976550
0.690009	14.181470	42.809280
0.762588	17.073900	42.439090
0.735322	18.571740	42.428780
0.670144	19.976350	42.477220
0.712720	20.651860	43.688110
0.643516	22.749880	42.495720
0.683562	24.146020	42.690810
0.679398	0.686918	44.693720
0.708108	2.161983	43.399290
0.637698	3.322111	42.655740
0.665766	5.759099	42.689410
0.663158	7.750731	44.110230
0.712679	9.130831	44.104760
0.720866	10.559010	44.227420
0.757129	12.034900	44.304700
0.631462	13.655110	44.021290
0.684800	15.121880	43.813540
0.656942	16.463670	43.777840
0.697349	17.815980	43.696270
0.713234	19.226300	43.721040
0.705107	22.069640	43.697190
0.639082	23.410600	43.790090
0.716408	2.084166	44.821620
0.657637	3.300411	44.153760
0.719338	4.516155	43.300480
0.751266	6.237508	44.024430
0.709433	8.543658	45.399890
0.633826	9.886731	45.421920
0.635887	11.202670	45.421750
0.633779	13.124040	45.169660
0.745438	14.501780	45.106840
0.688575	15.933010	45.018060
0.630558	17.246450	44.895800
0.669866	18.546550	44.925590
0.691650	19.976300	44.919130
0.639182	21.316620	44.871820
0.734748	22.724670	44.980400
0.710664	0.710725	46.083540
0.733346	3.412223	45.542460
0.661753	4.509876	44.681510
0.675890	5.676145	45.336490
0.741569	7.093482	45.351700
0.658994	9.239324	46.578270
0.651227	10.548650	46.530280
0.729653	12.289810	46.248060
0.723660	13.754180	46.371920
0.631597	15.109420	46.342320
0.632500	16.371950	46.279850
0.720600	17.719910	46.162030
0.762513	19.245280	46.175980
0.641705	20.673890	46.055550
0.642607	21.956400	46.123560
0.744657	23.719260	46.075810
0.730873	2.140372	46.267770
0.684474	3.366591	46.975370
0.757641	4.669738	46.357260
0.765859	6.295308	46.638990
0.683494	7.809717	46.583700
0.632835	9.976106	47.680830
0.757153	11.539200	47.531450
0.687639	12.983770	47.556270
0.650422	14.320160	47.623970
0.704655	15.673980	47.553240
0.688450	17.059410	47.408490
0.685456	18.432780	47.374290
0.675908	20.172970	47.275200
0.671421	21.517390	47.362100
0.630570	22.790400	47.089780
0.726138	0.726132	47.520320
0.700735	2.141686	47.699290
0.703378	4.478858	47.805710
0.646596	5.818741	47.969840
0.717392	7.175773	47.832860
0.698044	8.589976	47.769860
0.730258	10.901990	48.875410
0.677695	12.307030	48.743850
0.628287	13.632810	48.705320
0.742538	15.006390	48.837030
0.693226	16.464570	48.706600
0.737460	17.895170	48.691610
0.760024	19.376120	48.469710
0.641234	20.829380	48.479910
0.646786	22.253070	48.456040
0.743420	23.617030	48.187240
0.645163	0.647089	48.889330
0.638244	1.925538	49.026300
0.665521	3.276515	48.459930
0.691166	5.061538	49.072720
0.644628	6.414874	49.115180
0.727800	7.957946	49.048010
0.745660	9.427783	48.945550
0.633654	11.699080	49.982110
0.722749	13.054470	49.928220
0.634168	14.405720	50.075580
0.753829	15.889610	50.045030
0.736106	17.379280	50.071810
0.678107	18.825220	49.799610
0.711432	20.209820	49.682290
0.660979	21.578520	49.576370
0.733226	23.022280	49.601890
0.757177	0.757224	50.287330
0.693131	3.024193	49.794820
0.662376	4.315928	50.205520
0.718008	5.690321	50.333810
0.753916	7.161735	50.297560
0.678700	8.829042	50.237920
0.647648	10.192040	50.110500
0.674487	12.204060	51.188800
0.685257	13.690870	51.184350
0.685096	15.060720	51.221230
0.658198	16.635480	51.251050
0.646631	18.354750	51.051780
0.631388	19.622440	50.889780
0.754360	21.044730	50.887150
0.638767	22.438010	50.882140
0.653554	23.727560	50.796200
0.628994	0.629010	51.667610
0.697212	2.103745	50.836660
0.728605	3.431086	51.360010
0.680791	4.838129	51.442960
0.674759	6.428300	51.524000
0.729366	8.102596	51.444100
0.665238	9.497516	51.404340
0.687364	10.843990	51.275470
0.756488	12.940860	52.415450
0.654805	14.352700	52.359900
0.690162	15.850430	52.347200
0.651929	17.492330	52.246470
0.672487	18.835450	52.280160
0.702696	20.215130	52.084950
0.735371	21.561850	52.589210
0.666042	0.666003	52.964920
0.675539	1.828112	52.181320
0.712345	4.538270	52.803320
0.670047	5.920222	52.769860
0.749908	7.338929	52.710990
0.653563	8.741824	52.670310
0.666219	10.083620	52.600820
0.709462	11.470910	52.523680
0.661785	13.732230	53.592260
0.689994	15.080240	53.492390
0.725503	16.756850	53.435190
0.757034	18.232650	53.576360
0.688193	19.661930	53.361070
0.724195	20.969310	53.923030
0.729927	22.959070	52.147940
0.735530	23.817960	53.359360
0.722613	0.723724	54.369570
0.729598	3.096549	52.785770
0.700040	5.176453	54.063180
0.736456	6.612074	54.007850
0.696902	8.061764	53.964280
0.699124	9.451019	53.822050
0.695888	10.845850	53.782950
0.706171	12.250910	53.705020
0.634047	14.502240	54.686840
0.628860	15.925270	54.504870
0.707288	17.230320	54.791110
0.631768	18.562550	54.925380
0.653601	19.826600	54.692690
0.676926	20.738840	55.661190
0.738602	22.430630	53.857650
0.675435	23.257050	55.041730
0.636350	0.636341	55.756480
0.694728	1.894604	53.549870
0.701280	3.251895	54.225780
0.639100	4.309735	55.083990
0.628798	5.890766	55.183630
0.764692	10.124680	55.121530
0.724729	11.607530	54.983010
0.697169	13.121200	54.805970
0.677829	13.945580	55.906400
0.766604	15.385440	55.791600
0.642294	16.768530	56.059930
0.633447	18.044100	56.079460
0.713265	19.387640	55.987530
0.694843	21.755970	56.581530
0.637612	21.948290	55.146530
0.657447	23.090660	56.364190
0.652713	0.652775	57.078350
0.698883	2.027016	54.937060
0.706526	3.155823	55.776200
0.734820	4.973066	56.287200
0.655232	7.170968	55.282730
0.650168	8.709964	55.145150
0.734949	9.453712	56.462550
0.750890	10.941200	56.421270
0.749841	12.535360	56.128980
0.743572	14.676960	57.125180
0.655807	16.081260	57.161160
0.643563	17.403760	57.184280
0.627713	18.760730	57.172810
0.738062	20.393060	57.034240
0.761411	22.522010	57.819960
0.753577	23.991210	57.450450
0.665612	1.808064	57.713260
0.711746	1.853097	56.336800
0.700920	3.751967	57.051200
0.707921	6.410090	56.415460
0.685805	8.042093	56.302260
0.688703	8.688345	57.662890
0.725116	10.097960	57.772740
0.649902	11.946110	57.398580
0.663754	13.284390	57.327700
0.721448	14.077100	58.463660
0.645212	15.432690	58.290220
0.657546	16.735470	58.300630
0.718393	18.110490	58.351300
0.756566	19.584520	58.296810
0.647655	22.222660	59.196800
0.703955	23.572330	58.846630
0.678678	0.687127	58.457500
0.647151	2.999500	58.264300
0.728753	5.618753	57.614660
0.642656	6.586785	58.586180
0.690163	7.322342	57.474870
0.660213	7.880797	58.743310
0.631663	9.269749	58.848340
0.643141	11.260260	58.494660
0.690124	12.665650	58.531790
0.638619	13.426250	59.657870
0.629959	14.706590	59.664800
0.679802	16.005190	59.485050
0.638550	17.323110	59.456280
0.637036	18.862940	59.495630
0.757944	21.097960	58.353760
0.764503	23.156480	60.256070
0.731986	0.734531	59.927640
0.649349	1.919873	59.023320
0.717635	4.362571	58.331610
0.659925	5.435587	59.195430
0.630903	6.542850	59.858910
0.640758	7.801193	60.041800
0.658192	9.097291	60.126580
0.762269	10.426590	59.626040
0.698722	11.886560	59.681380
0.714226	12.727940	60.816550
0.628823	14.069430	60.750410
0.638105	15.529780	60.714110
0.630602	16.795620	60.628460
0.631908	18.052710	60.496150
0.688793	20.291770	59.557770
0.757536	21.650020	60.479960
0.724418	0.724276	61.387800
0.661975	3.163455	59.563110
0.692964	4.416187	60.084850
0.643294	5.739744	60.848000
0.721381	7.012905	61.339230
0.634051	8.359761	61.187650
0.651680	10.076240	60.996760
0.646097	11.371830	60.923660
0.717191	12.074220	62.091950
0.663979	13.451500	61.989550
0.710364	14.819690	61.860340
0.735855	16.265510	61.892470
0.669626	17.662420	61.737760
0.721312	19.022970	61.439250
0.660405	20.298060	60.907240
0.737508	22.585930	61.645760
0.687369	24.142160	61.322030
0.680209	2.098915	61.676200
0.666423	2.073879	60.329910
0.682251	3.295754	60.900800
0.705528	4.552907	61.488630
0.742574	6.137119	62.512260
0.640474	7.890134	62.381200
0.758626	9.325757	62.190700
0.635881	10.721300	62.199130
0.637421	12.828990	63.403420
0.756231	14.206460	63.192450
0.639658	15.599160	63.095810
0.677751	17.171500	62.994400
0.709956	18.553280	62.791140
0.678395	19.918210	62.515190
0.697504	21.182630	61.964050
0.737817	23.655830	62.661540
0.678681	0.678639	62.793230
0.763551	2.082359	63.124070
0.747743	3.368193	62.330130
0.727183	4.723037	62.912720
0.754610	7.176550	63.589780
0.726030	8.655202	63.515220
0.647180	10.024310	63.410590
0.760268	11.431560	63.422230
0.696695	13.582330	64.504470
0.717136	15.050050	64.400260
0.677239	16.422070	64.123970
0.764714	18.312110	64.245870
0.707500	19.740620	63.889710
0.676900	21.005570	63.327110
0.657519	22.302140	63.011600
0.631839	0.680522	64.103730
0.718082	0.718171	65.453120
0.685753	3.387887	63.763470
0.756323	5.724491	64.007070
0.649086	6.751235	64.966710
0.697656	8.090148	64.821890
0.733932	9.516057	64.694730
0.653679	10.903800	64.733940
0.667297	12.221970	64.616220
0.634881	14.374130	65.575050
0.656897	15.870980	65.501950
0.723057	17.230960	65.267850
0.724146	19.084870	65.518420
0.693731	20.440720	65.103730
0.742064	21.757280	64.530880
0.756942	23.217020	64.090320
0.754180	0.754369	66.924900
0.765289	1.967025	64.648530
0.683609	4.434511	64.646750
0.639791	5.533378	65.389990
0.659309	7.497744	66.042660
0.666246	8.876774	65.942650
0.706912	10.255980	65.931100
0.705307	11.667000	65.871770
0.681581	13.050880	65.776160
0.743569	15.159530	66.708210
0.716591	16.692090	66.602830
0.636724	18.025640	66.372730
0.758512	20.131140	66.568900
0.719463	21.507980	66.031710
0.715162	22.846210	65.514820
0.692190	24.220730	65.135540
0.683776	0.750070	68.365750
0.679320	1.944750	66.123360
0.744550	3.249981	65.444440
0.641113	4.469233	66.102910
0.659407	6.251203	66.472770
0.659464	8.261688	67.117590
0.675343	9.596193	67.145730
0.697378	11.014350	67.113660
0.694284	12.405140	67.060970
0.669874	13.762590	66.925050
0.753178	16.038900	67.919400
0.725528	17.643050	67.686900
0.628739	18.928150	67.259720
0.760221	21.516610	67.836830
0.686520	22.616860	66.897530
0.642821	23.858160	66.420360
0.662127	1.955510	68.968740
0.656298	1.964058	67.650200
0.683798	3.089678	66.863680
0.736375	5.678015	67.745360
0.752680	7.147597	67.985410
0.675879	8.888042	68.296900
0.745320	10.311080	68.373420
0.756462	11.812820	68.386000
0.657873	13.208750	68.158420
0.714608	14.576530	68.044990
0.762438	17.047650	69.050520
0.636293	18.699260	68.546490
0.757891	20.023350	68.110080
0.644115	22.379830	68.977380
0.661349	23.304960	68.056470
0.741462	0.745383	69.801420
0.765308	3.225174	68.306350
0.661240	4.324473	67.397190
0.745658	5.830885	69.219430
0.727488	7.284361	69.459250
0.675878	8.677022	69.632070
0.645491	10.165900	69.756630
0.650389	11.461770	69.748420
0.687740	12.771790	69.470870
0.692106	14.149040	69.385160
0.701390	15.561340	69.323180
0.721067	18.301040	69.844080
0.645897	19.610450	69.451730
0.761014	21.005490	69.269570
0.662193	23.425970	70.048330
0.693631	24.282010	68.996950
0.740405	1.990888	70.613540
0.648291	3.043869	69.708210
0.693442	4.365869	69.232410
0.668243	6.599420	70.676060
0.674622	7.938958	70.773970
0.740797	9.351007	70.878130
0.764841	10.849510	71.024340
0.732362	12.333030	70.822850
0.710528	13.773270	70.736500
0.645647	15.126410	70.646860
0.729943	16.485190	70.432810
0.646247	19.083190	70.966170
0.687578	20.354810	70.563730
0.722447	22.065780	70.307290
0.700423	0.700420	71.254350
0.638280	3.093970	71.442470
0.652085	4.030703	70.554980
0.631196	5.312546	70.494940
0.683666	7.178149	71.900640
0.729279	8.573017	72.125460
0.661322	9.963447	72.141790
0.684110	11.792020	72.132950
0.688053	13.221780	72.021730
0.664198	14.567680	71.858900
0.707216	15.935570	71.760720
0.716478	17.732840	71.164490
0.633368	19.940360	71.923200
0.727086	21.350970	71.568220
0.653178	22.857830	71.432920
0.663195	1.927834	72.021170
0.655560	3.101066	72.737520
0.653323	4.317266	71.856880
0.763196	5.733371	71.824270
0.690255	7.970824	73.410950
0.690669	8.809441	74.508070
0.641040	9.320287	73.278150
0.657421	10.865620	73.103550
0.638435	12.591590	73.188930
0.746497	14.080500	73.182810
0.716865	15.548070	73.135740
0.724850	17.167800	72.490380
0.675643	18.647260	72.214100
0.668691	20.851840	72.871610
0.715867	22.285180	72.676590
0.653144	23.639990	72.480160
0.712784	0.713099	72.667470
0.686655	1.920187	73.375770
0.766267	4.418460	73.272840
0.698141	6.469272	73.086790
0.713688	5.579438	74.190770
0.701002	6.981268	74.388890
0.697384	10.204560	74.286120
0.723981	11.691000	74.211190
0.741403	13.237810	74.409160
0.661930	14.864920	74.352610
0.650595	16.750180	73.800820
0.683916	18.142850	73.507180
0.719300	19.529830	73.294270
0.746349	21.686320	74.014280
0.633440	23.056690	73.785450
0.643127	24.317710	73.585130
0.635138	0.759273	74.014560
0.682929	2.129971	74.948330
0.632836	3.068308	74.026030
0.760584	4.232970	74.790920
0.702262	5.451071	75.600970
0.627621	8.247709	75.700700
0.719736	9.667694	75.627280
0.628914	10.991400	75.369130
0.645453	12.304810	75.435300
0.750760	14.162660	75.580130
0.644266	16.054720	74.892990
0.649018	17.644720	74.743570
0.645619	18.977320	74.542290
0.677982	20.326400	74.442490
0.713296	22.646630	75.113440
0.685178	24.025620	74.880900
0.760544	0.762422	75.410200
0.714261	1.946189	76.333400
0.726634	3.346264	75.988420
0.696146	6.069353	76.855480
0.646306	6.794073	75.723120
0.657388	8.930489	76.790470
0.643520	10.225780	76.911180
0.735456	11.570220	76.604600
0.712295	13.072120	76.555400
0.746534	15.533490	76.182360
0.709931	16.966560	75.921230
0.653079	18.480420	75.742100
0.630689	19.758560	75.621660
0.643058	21.290310	75.346030
0.656264	22.095060	76.367020
0.628252	23.544980	76.109720
0.661733	0.661800	76.828870
0.741453	1.449655	77.989940
0.667445	2.847156	77.380980
0.748628	4.595681	76.772830
0.647954	6.791941	77.988910
0.718711	7.555941	76.855730
0.645249	9.665278	78.073260
0.674192	10.992970	77.982540
0.720072	12.383780	77.811450
0.708741	15.109260	77.574360
0.706935	16.493980	77.280070
0.742398	17.919740	77.019910
0.670446	19.324310	76.866930
0.744394	20.715540	76.609460
0.710522	23.042650	77.351990
0.743923	0.803083	79.327180
0.755194	2.091951	80.160670
0.745601	2.703055	78.789960
0.687335	5.441312	78.088170
0.640040	7.582339	79.006320
0.655121	8.367694	77.976390
0.687466	10.344330	79.226360
0.766087	11.797710	79.177100
0.654269	13.756180	77.738420
0.639162	16.028780	78.669350
0.724239	17.397140	78.390260
0.700402	18.803190	78.160570
0.702419	20.197590	77.960660
0.641333	21.677140	77.638430
0.748016	23.921410	78.516060
0.711772	0.761844	80.782240
0.661466	3.247891	81.244220
0.662792	3.507691	79.945740
0.729481	4.025350	78.136390
0.673553	6.241663	79.190410
0.717374	8.939479	79.227560
0.747542	11.163150	80.551230
0.718517	12.838150	80.236140
0.649613	13.194550	78.915310
0.724109	14.568140	78.901020
0.703112	16.962630	79.749820
0.660400	18.303050	79.499660
0.719762	19.673450	79.282790
0.673281	22.503240	78.662670
0.667939	23.261650	79.768840
0.668352	1.960733	81.578110
0.646992	3.561447	82.514510
0.674397	4.516124	80.824710
0.757511	4.819456	79.393490
0.643029	8.503919	80.518180
0.638684	9.782433	80.427940
0.657344	10.517290	81.798820
0.662321	12.228240	81.474940
0.696651	13.609530	81.426470
0.644962	14.201530	80.220070
0.722245	15.552940	79.960260
0.719343	17.878320	80.838290
0.679927	19.260490	80.620150
0.688658	21.172860	78.956460
0.629671	22.019390	80.143730
0.723777	0.724007	82.217200
0.718807	1.973249	82.965160
0.717789	4.881938	82.169500
0.644541	5.772086	80.422050
0.732487	7.144682	80.307270
0.682404	9.184287	81.655690
0.639969	9.828771	82.898340
0.630771	11.549320	82.575910
0.753002	12.927210	82.705590
0.730132	15.032070	81.315990
0.718289	16.461160	81.080160
0.747173	18.807020	81.973230
0.684726	20.193610	81.615920
0.716049	20.683210	80.303510
0.754690	23.036450	81.173460
0.683932	0.732028	83.624770
0.688590	3.123112	83.776620
0.669493	4.450116	83.487940
0.730734	6.255499	81.709500
0.715660	7.722425	81.635480
0.719525	8.469768	82.861940
0.642734	10.867200	83.651330
0.732037	12.453270	84.112950
0.740077	14.419330	82.652380
0.648839	15.951980	82.348920
0.730556	17.350390	82.224190
0.680871	19.635680	83.136200
0.752487	21.032280	82.783020
0.718241	21.584070	81.419660
0.699834	23.930650	82.320630
0.756757	0.756877	85.065140
0.631756	2.038257	84.529420
0.739582	3.259942	85.198220
0.729191	5.844899	83.591550
0.686078	7.064082	82.872930
0.716354	8.559669	84.295070
0.674291	9.922813	84.570300
0.725113	11.267160	84.959390
0.721077	13.908660	84.021350
0.730292	15.498050	83.651540
0.682600	18.267720	83.299660
0.713140	19.123250	84.436210
0.744307	20.574810	84.208140
0.721715	22.486890	82.543710
0.708258	0.708862	86.529500
0.714886	1.978331	85.885900
0.630187	4.291584	86.099340
0.686708	4.648760	84.830200
0.649235	7.197280	84.201540
0.709525	7.725343	85.453460
0.634809	9.065414	85.560250
0.678270	10.308220	85.984030
0.630207	12.521350	85.473480
0.638930	14.968080	84.914040
0.663877	16.887730	83.539680
0.660723	17.753210	84.542490
0.742753	20.122350	85.624640
0.700344	21.982390	83.882920
0.721145	23.417990	83.645890
0.645209	0.827824	87.878220
0.629687	1.936940	87.229800
0.671467	3.122274	86.671240
0.668895	5.556002	86.397630
0.762956	6.079872	85.065060
0.705228	8.277598	86.756030
0.697984	9.617834	87.174580
0.631346	10.922160	87.431190
0.645727	11.583770	86.338870
0.633096	13.780330	85.369390
0.757904	16.363940	84.861870
0.660952	17.410910	85.819430
0.658388	18.729550	85.777070
0.740877	21.602150	85.280650
0.667402	22.973730	84.961400
0.740246	2.057007	88.594450
0.739999	4.645300	88.871140
0.714366	3.397684	88.029900
0.637373	6.859376	86.485060
0.643922	7.301696	87.687580
0.749088	8.596981	88.200170
0.674554	10.094100	88.461840
0.675749	12.243020	87.484160
0.676274	13.237340	86.566300
0.757208	16.100180	86.360840
0.688658	16.916420	87.659700
0.655064	18.065170	86.961270
0.763159	19.483120	86.988130
0.735202	23.901800	86.012990
0.647871	22.548300	86.298380
0.737307	0.737301	89.259140
0.705082	3.232357	89.439660
0.711854	5.682657	89.978620
0.685237	4.649203	87.403340
0.731359	6.622501	88.883420
0.672261	9.228906	89.494540
0.691134	11.462620	88.638170
0.750383	12.899700	88.751040
0.700207	14.643000	86.385950
0.731629	15.497510	87.722250
0.627416	18.100000	88.243250
0.701949	19.477540	88.453220
0.655352	20.657890	87.783140
0.639319	21.125070	86.575730
0.749355	22.053390	87.608460
0.663855	23.439630	87.333460
0.628045	24.336990	88.262840
0.708772	1.953206	90.041910
0.662244	4.335241	90.247820
0.711183	5.954469	91.375430
0.657554	5.967495	87.658660
0.692284	7.013177	90.427190
0.652520	7.899763	89.416050
0.730387	10.603980	89.771040
0.665438	12.029070	89.875290
0.698549	14.068630	87.661320
0.663581	15.662820	89.107630
0.718676	17.044770	89.078980
0.644284	18.552820	89.431580
0.754762	21.416680	88.971650
0.763208	21.682270	93.614510
0.630983	22.493170	89.844180
0.698929	23.065900	88.643940
0.673615	0.692610	90.671410
0.711500	3.109079	90.867240
0.721190	4.542234	91.615670
0.765710	5.879804	93.780340
0.682262	8.473490	90.621220
0.659901	9.787357	90.896220
0.647470	11.159990	91.031800
0.695064	12.497760	91.154740
0.693767	13.406710	90.104280
0.689170	14.312450	89.027440
0.698182	16.172080	90.370920
0.728149	17.597650	90.417070
0.741732	20.132430	89.739830
0.644213	21.998310	94.988600
0.729829	21.321200	90.618340
0.762909	22.732490	91.217340
0.641421	23.764300	89.787870
0.680762	0.717131	92.070560
0.635623	1.861467	91.413390
0.692681	3.283748	92.260500
0.703012	6.003440	95.245810
0.682971	7.580628	91.679870
0.668954	8.914724	91.898370
0.662108	10.300370	92.114750
0.670160	11.634980	92.260850
0.712813	13.890900	91.426790
0.696237	14.778200	90.332210
0.629260	18.061730	91.692670
0.738136	19.031310	90.728510
0.757382	19.988550	91.877500
0.683931	20.271850	93.290690
0.761580	21.490830	92.101790
0.685367	24.025950	91.868730
0.725162	0.769031	93.606140
0.707557	1.987326	92.848100
0.635378	4.666553	92.980540
0.707423	4.509854	94.321720
0.642803	6.596132	92.567690
0.754732	7.880252	93.119210
0.742866	9.373631	93.233490
0.663679	12.957000	92.437990
0.667610	14.592800	92.628190
0.639585	15.441610	91.491640
0.663028	16.764970	91.596290
0.715860	17.374120	92.848730
0.735853	18.830730	92.820640
0.658578	20.939560	96.082180
0.689329	23.041160	94.127580
0.736981	22.879450	92.710480
0.732059	0.732020	95.072760
0.679865	1.996113	94.443830
0.742162	3.203753	93.693080
0.708213	5.736202	96.631660
0.672094	7.181110	94.391720
0.690143	8.543287	94.402940
0.729635	10.835860	93.410130
0.709939	12.260510	93.621910
0.657961	13.639820	93.570190
0.652327	15.165700	93.829110
0.703319	15.959900	92.730480
0.737745	19.214920	94.243260
0.752012	20.631050	94.705750
0.632340	22.219040	96.253490
0.652098	23.225990	95.456190
0.686761	24.208250	93.228630
0.714963	0.715001	96.520560
0.712883	1.968164	95.836260
0.726261	3.239094	95.161110
0.745900	5.965283	98.067610
0.677386	7.622359	95.667010
0.725539	9.948307	94.584750
0.721046	11.385020	94.753770
0.677776	12.775420	94.910680
0.758480	14.211060	94.867870
0.644924	16.529330	93.952810
0.655437	17.820240	94.145390
0.635388	19.657890	95.848210
0.708399	20.130070	97.183670
0.659937	21.491440	97.321410
0.713620	23.447600	96.803770
0.674198	1.937525	97.222960
0.714644	3.179353	96.600930
0.739985	4.574005	95.767640
0.657221	7.368217	98.090200
0.628074	7.055572	96.843440
0.748166	9.046386	95.750350
0.739348	10.522680	95.932310
0.726533	11.984340	96.071480
0.748558	13.456000	96.172110
0.699423	15.650480	95.099300
0.723599	18.347750	95.419510
0.760548	18.696810	96.861990
0.755065	21.115260	98.685450
0.764142	24.023070	98.164840
0.740215	0.740241	97.975900
0.634790	1.818325	98.829420
0.674627	3.022082	98.024780
0.691596	4.454409	97.194150
0.647840	8.327257	96.946820
0.674792	9.655490	97.051630
0.755802	11.143620	97.292340
0.647915	12.618320	97.290980
0.759232	14.272230	97.440360
0.637855	14.842630	96.164980
0.643613	17.371190	96.398930
0.683901	18.266650	98.240880
0.654937	19.591190	98.435960
0.734982	20.065190	99.742540
0.647537	22.624190	97.975260
0.653084	0.677791	99.427680
0.652817	2.995176	99.351940
0.736791	4.304346	98.614540
0.636731	5.461148	99.355050
0.726640	8.741996	98.257180
0.673328	10.141100	98.310860
0.641413	11.837140	98.505180
0.656513	13.134950	98.488730
0.630264	14.375820	98.829250
0.663518	15.685890	97.600900
0.650111	16.998650	95.160000
0.751361	17.108060	99.087970
0.661635	18.681760	99.522130
0.665200	21.417800	100.104400
0.638110	22.393250	99.240040
0.638155	23.639790	99.513700
0.695982	0.695942	100.776600
0.681253	1.926592	100.152700
0.690034	3.029743	100.968000
0.660926	6.755295	99.257170
0.665239	8.064005	99.472720
0.716798	9.445623	99.517460
0.658659	12.266990	99.732060
0.653174	13.574990	99.832180
0.647772	14.863590	100.014900
0.681460	15.682330	98.945870
0.630785	16.094710	96.372870
0.757712	17.641640	100.499500
0.754294	19.104780	100.880700
0.756010	22.753450	100.590100
0.736138	24.236840	100.751500
0.666198	0.666128	102.448600
0.712317	1.802882	101.647300
0.665925	3.060611	102.323900
0.755307	4.186949	100.101900
0.733229	5.539818	100.722700
0.688715	8.649022	100.697900
0.728060	10.890440	99.495160
0.639714	12.794490	100.918400
0.638824	14.068420	101.026300
0.707122	16.201120	100.233900
0.671987	17.019940	97.666770
0.709062	18.238560	102.060100
0.678775	20.520280	101.104700
0.681596	21.771070	101.639700
0.765510	23.470400	102.042800
0.748260	0.748307	103.977900
0.715509	1.899002	103.072200
0.695481	4.206043	103.060100
0.760381	4.335848	101.610200
0.675737	7.216406	100.511700
0.640381	7.877470	101.780100
0.712422	10.045690	100.814600
0.686792	11.444770	100.797000
0.666046	13.356750	102.120200
0.729271	15.380730	101.412900
0.766186	16.440550	104.100400
0.692907	16.788260	101.672600
0.635177	17.217330	102.934100
0.703417	19.686260	102.217400
0.628186	20.943250	102.656900
0.666268	1.954005	104.720000
0.708127	3.069075	103.883000
0.697028	4.388857	104.440500
0.678323	6.561467	101.696700
0.716419	6.809901	103.070000
0.751178	9.244579	102.039400
0.763714	10.725080	102.360200
0.634303	12.065490	101.963200
0.631089	14.589530	102.523800
0.696752	15.899440	102.741200
0.759662	16.678100	105.607500
0.654370	18.436340	103.409100
0.720201	19.791910	103.637100
0.744184	22.280150	102.971500
0.676881	23.915560	103.414700
0.643125	0.813907	105.368500
0.764033	3.241351	105.344900
0.712486	4.425802	106.226400
0.682681	5.468361	102.507300
0.729420	8.254247	103.143000
0.745452	9.697765	103.465700
0.732558	11.274190	103.774100
0.639408	12.544410	103.143300
0.632399	13.769440	103.485000
0.671509	15.034290	103.801500
0.644647	15.380210	105.071400
0.636681	17.780820	104.521300
0.668249	19.190700	104.888600
0.748698	21.211610	104.014000
0.668878	22.809280	104.281700
0.685100	2.002321	106.099400
0.654284	3.167385	106.761300
0.728873	4.547496	107.662600
0.688942	5.651458	103.866700
0.667976	7.394465	104.324900
0.675436	8.726099	104.502400
0.699086	10.228790	104.809100
0.734909	11.603390	105.217400
0.646787	12.729010	104.416200
0.721596	14.038880	104.811900
0.705982	15.512170	106.495600
0.739027	18.157900	105.844400
0.652789	20.471060	105.213900
0.763923	21.879040	105.371400
0.737996	0.738508	106.754000
0.660571	1.929437	107.489800
0.735754	3.166132	108.151300
0.744781	5.548435	105.297300
0.749158	6.991523	105.683500
0.651366	9.237922	105.726600
0.721139	10.526960	106.197900
0.715524	11.894470	106.638200
0.665365	12.968810	105.706200
0.648158	14.197180	106.172500
0.662644	15.673490	107.854600
0.710065	17.149390	106.999600
0.707314	19.554620	106.219900
0.713700	20.944430	106.515900
0.685183	24.073130	104.767700
0.685548	0.723925	108.177500
0.654721	1.930729	108.809400
0.673140	4.263097	109.035500
0.684733	5.717142	106.764400
0.686720	7.033547	107.152800
0.639894	8.159061	106.436000
0.642927	9.442061	107.024700
0.631466	10.604170	107.548300
0.629497	11.827930	107.981500
0.638874	13.202580	106.989200
0.655672	14.387060	107.549800
0.697360	16.924920	108.388900
0.723553	18.560840	107.250400
0.750778	19.985490	107.629600
0.654983	22.299260	106.765800
0.667768	23.235300	105.830000
0.685762	0.693149	109.548800
0.688131	1.899171	110.207400
0.630794	3.018393	109.509700
0.691615	5.886161	108.137700
0.696531	5.563355	109.489700
0.658370	7.184160	108.508900
0.700320	8.322010	107.766200
0.719833	10.822930	108.881800
0.722828	13.220450	108.350800
0.649530	14.476850	108.902800
0.703999	15.793630	109.215900
0.638788	18.247850	108.576200
0.631398	19.483170	108.917300
0.737993	21.453820	107.875200
0.648286	22.835990	107.980800
0.676982	24.156610	107.870800
0.744603	0.744620	111.055600
0.683597	2.065326	111.599000
0.636805	3.098066	110.774800
0.761993	4.460589	110.457000
0.762910	6.976652	109.915000
0.681324	8.363522	109.147200
0.659227	9.550696	108.349700
0.639119	12.160430	109.205900
0.748288	13.412770	109.809200
0.703613	14.805680	110.219200
0.633168	17.251010	109.678900
0.692897	18.563220	109.870000
0.667404	20.774800	109.105600
0.688619	22.143200	109.124200
0.721173	23.567520	109.160900
0.641981	0.642305	113.747100
0.683366	0.981462	112.464900
0.702563	3.362399	112.087800
0.681675	4.945644	112.030800
0.744043	5.883049	110.951900
0.632973	8.440305	110.459200
0.742544	9.657392	109.765000
0.646596	12.507520	110.870400
0.639646	13.831510	111.147100
0.666010	15.124970	111.551400
0.764367	16.219000	110.621200
0.689169	17.640750	110.942500
0.660407	19.933030	110.132500
0.693423	21.418720	110.304500
0.669710	22.781700	110.323100
0.753120	1.924282	114.297400
0.661628	2.279193	112.927500
0.646125	4.740878	114.358100
0.659931	4.176869	113.180000
0.742744	7.400558	111.360100
0.649348	10.174950	111.058300
0.723527	11.284180	110.249400
0.725465	12.777570	112.215600
0.650937	14.138160	112.423500
0.716537	15.409600	112.926900
0.751593	16.612380	112.085200
0.724423	19.051560	111.200500
0.764487	20.520460	111.452700
0.690430	21.970410	111.575800
0.661113	23.812230	111.165100
0.737873	0.737827	115.200300
0.644673	2.029181	115.694000
0.709402	3.386734	114.298400
0.654666	5.488674	113.265500
0.654635	6.342639	112.273000
0.753877	8.952850	111.747900
0.739680	11.402800	111.707800
0.766072	11.650890	113.193000
0.641302	13.017550	113.561400
0.648386	14.310300	113.735900
0.726361	16.102470	114.193600
0.737194	18.085880	112.297600
0.734650	19.530620	112.578600
0.668640	20.910550	112.833500
0.643557	23.114240	112.267300
0.642733	0.642740	117.960900
0.700856	0.921212	116.627300
0.670291	4.813977	115.672700
0.632860	5.988853	114.637700
0.717791	6.825237	113.577300
0.669499	10.197660	112.438100
0.637135	10.356610	113.735000
0.764766	12.091770	114.658900
0.637837	13.509730	114.742500
0.756878	14.875600	115.027100
0.637464	16.518720	115.492400
0.647956	17.193780	113.358200
0.756187	18.551420	113.716500
0.654548	19.949760	113.903000
0.653224	22.187660	113.174600
0.683234	23.716980	113.453000
0.651400	1.867119	118.380000
0.750585	2.329515	117.056500
0.736198	3.409131	115.743800
0.685187	6.376123	115.897600
0.667308	7.887291	112.688200
0.702180	9.306082	114.565700
0.736728	10.650560	115.080500
0.718475	12.855440	115.930500
0.682847	14.208150	116.302700
0.669247	15.563880	116.384700
0.627729	17.430830	114.611700
0.695244	18.120630	115.740600
0.637858	19.195840	114.952600
0.727896	21.293570	114.227200
0.715001	22.721390	114.434600
0.674404	24.228400	114.711600
0.760464	6.893182	117.250700
0.634528	8.290328	117.264800
0.759281	9.173235	116.021100
0.703169	9.593034	117.568700
0.628426	7.230170	114.861200
0.682385	7.732497	116.071900
0.714524	10.556740	116.529000
0.663748	11.881020	116.910800
0.755946	13.228810	117.356800
0.661844	14.628850	117.580200
0.716611	17.099490	116.715600
0.649530	18.494020	117.265400
0.700907	19.410940	116.273900
0.683638	20.453530	115.361700
0.684159	21.844660	115.527300
0.675787	23.304640	115.697100
0.678634	0.802904	119.274700
0.702016	3.251726	118.178800
0.671507	3.995824	117.023500
0.737707	5.414476	116.946300
0.764661	7.666384	120.922200
0.630230	8.115834	113.966900
0.646869	8.618598	118.503400
0.715486	10.959770	117.949000
0.673169	12.269970	118.416500
0.718503	14.955050	118.921400
0.757545	16.039210	117.739700
0.648209	17.449030	118.034900
0.716868	19.948370	117.585800
0.705286	21.007830	116.636500
0.738265	22.442420	116.818000
0.666540	23.857960	116.920000
0.681584	1.720507	120.308500
0.641052	2.672772	119.390600
0.754329	4.706469	118.259600
0.637394	6.091491	118.395800
0.704330	6.617701	122.392900
0.642823	9.106706	113.167400
0.640241	7.341232	118.661200
0.731488	9.915895	118.969000
0.661618	11.269170	119.299700
0.665138	13.583640	118.732800
0.711757	15.344160	120.298000
0.632603	16.294370	119.106200
0.668824	17.692420	119.329200
0.741316	18.897240	118.596500
0.750822	21.621920	118.060900
0.753500	23.132730	118.140900
0.734880	0.734790	121.325900
0.683791	3.992570	119.507900
0.651417	5.393251	119.486200
0.646825	6.671064	119.760000
0.721825	7.292772	123.649200
0.764621	8.086733	122.392500
0.736027	8.746770	119.880400
0.663386	10.285180	120.314100
0.679791	12.617370	119.724100
0.690750	13.966850	120.033400
0.653416	15.717110	121.611200
0.719946	16.773990	120.370900
0.639271	18.828990	119.976700
0.634433	20.470900	118.832000
0.660001	21.590850	119.480900
0.631341	22.881980	119.503400
0.656515	24.155100	119.309200
0.629676	0.629580	122.686900
0.709288	3.182357	120.641100
0.755033	4.745137	120.734500
0.718447	6.187545	121.036800
0.653099	5.922166	123.759000
0.643190	8.039912	125.231900
0.734022	9.116013	121.303300
0.664029	11.584290	120.587300
0.698607	13.013820	121.044400
0.705482	14.380320	121.367000
0.689259	17.052350	121.752300
0.632932	18.188430	121.075900
0.717603	19.489670	121.437400
0.721795	20.178150	120.156200
0.731199	22.144850	120.757100
0.700958	23.573970	120.641900
0.725679	0.766440	124.035700
0.727870	2.160715	121.651800
0.724040	3.847936	121.910500
0.692650	5.252060	122.098700
0.760727	6.646480	124.983400
0.737963	8.704357	124.021100
0.742580	9.543841	122.789900
0.730826	10.529780	121.686700
0.677732	11.924260	121.885300
0.655659	14.813830	122.657300
0.661691	17.569290	123.000400
0.720892	18.931450	122.763800
0.676991	20.318530	122.590700
0.672650	20.878010	121.362300
0.745715	22.992510	121.966500
0.641509	0.653356	125.398200
0.762995	1.950576	123.127700
0.640843	3.353319	123.182600
0.676060	4.662223	123.333800
0.757218	4.323631	126.182200
0.743105	7.236583	126.366600
0.683312	10.123660	124.095200
0.665874	10.940760	123.021600
0.739754	13.430580	122.461300
0.732689	16.177330	122.918700
0.677546	18.387550	124.060500
0.653307	19.778910	123.845600
0.690359	21.115160	123.704600
0.672634	21.661350	122.455900
0.658062	22.568030	123.430100
0.722885	23.921660	123.103800
0.659450	0.659996	126.705800
0.730855	2.103418	124.613700
0.684393	3.797022	124.431300
0.745911	5.141206	124.920000
0.645477	8.625090	126.380000
0.676639	9.429412	125.264900
0.734047	11.519700	124.340000
0.672125	12.941010	124.281100
0.643036	12.241610	123.167300
0.642862	14.155280	123.776400
0.733748	16.983680	124.267800
0.672643	17.892010	125.341600
0.739967	19.292400	125.151700
0.688147	20.714760	125.023700
0.667904	22.069420	124.671700
0.742041	23.473220	124.498400
0.654637	1.849085	127.398000
0.710110	1.853064	126.033300
0.627432	3.096456	125.540300
0.659440	3.037503	126.825800
0.698193	5.784418	126.212900
0.642355	9.903831	126.532700
0.682020	10.805730	125.562900
0.705394	13.708300	125.425300
0.633609	15.039850	125.570400
0.764235	15.482240	124.244400
0.689613	16.508740	125.610200
0.685530	18.743430	126.468400
0.744248	20.168280	126.349900
0.655388	21.542080	126.082300
0.702639	22.873050	125.812500
0.674438	24.268120	125.670800
0.664307	8.014979	127.539100
0.727529	10.695720	127.650600
0.677803	11.655730	126.624300
0.662086	12.337970	125.471200
0.682657	21.084070	127.444100
0.671045	22.393160	127.099600
0.666895	23.715000	126.892800
0.681375	0.681557	128.047700
0.709139	3.388704	128.148600
0.756362	4.834303	127.607100
0.741113	6.332665	127.543800
0.643583	9.323575	127.680500
0.744423	9.957705	128.924100
0.637085	12.245600	127.800600
0.663774	12.997390	126.621400
0.660788	14.321690	126.647300
0.657297	15.692840	126.684000
0.632699	17.428400	126.562300
0.694093	19.516260	127.631900
0.693200	20.445010	128.662500
0.653386	21.931230	128.477200
0.690582	23.238840	128.166700
0.748775	0.749020	129.476200
0.744899	2.070468	128.779900
0.664066	4.480448	128.982800
0.652120	5.787231	128.825800
0.640085	7.229388	128.598100
0.672806	8.549503	128.764700
0.734918	11.436990	128.911200
0.704500	13.587370	127.855900
0.688195	14.979700	127.824900
0.755110	16.655830	127.717200
0.706795	18.117730	127.713100
0.737394	18.939630	128.942400
0.698504	21.415690	129.726900
0.724449	22.824740	129.528500
0.668987	0.677456	130.892200
0.644314	2.014969	130.168900
0.676156	3.265580	129.548800
0.629286	6.292870	130.003200
0.734206	7.702738	129.888300
0.678179	9.110217	130.066700
0.689702	10.475230	130.261500
0.634137	12.805670	128.942600
0.752446	14.308840	129.135300
0.751506	15.836750	128.981700
0.756054	17.440030	129.009700
0.655697	18.625960	130.300000
0.746991	20.003010	130.033100
0.697236	22.284450	130.855200
0.697194	23.668540	130.672700
0.627439	0.745269	132.186900
0.701448	1.896692	131.518800
0.671958	3.117033	130.888700
0.722126	4.410764	130.368200
0.698650	6.991811	131.132400
0.638997	8.330265	131.128100
0.690407	9.639468	131.359800
0.684138	11.849050	130.269100
0.725597	13.264550	130.222500
0.653445	14.602960	130.554800
0.702766	15.953520	130.431200
0.659800	17.316020	130.420600
0.688557	19.453530	131.359300
0.660425	20.945140	131.078700
0.714679	23.126220	131.991600
0.632120	0.736336	133.446500
0.638689	1.896162	132.859500
0.739042	3.154819	132.299200
0.658296	4.541285	132.036800
0.702753	5.590083	131.168600
0.745506	7.725013	132.376500
0.653596	10.452240	132.550600
0.663903	11.152610	131.434300
0.690494	13.968480	131.739500
0.683841	15.341300	131.675400
0.690787	16.716780	131.630900
0.677930	18.085740	131.519400
0.671348	20.429280	132.306500
0.629191	21.782720	132.085200
0.648705	22.718760	133.404300
0.764817	24.100600	133.107100
0.701682	0.701735	134.780100
0.627282	1.857972	134.124900
0.732014	3.898606	133.568300
0.715922	5.300334	133.205500
0.650347	6.330658	132.308200
0.675848	9.124787	132.625400
0.661226	11.762260	132.662900
0.741164	12.555900	131.506700
0.691289	13.106270	132.830900
0.662796	14.655420	132.905400
0.742937	16.061140	132.907200
0.709893	17.508900	132.786300
0.688465	18.897180	132.618900
0.742973	21.327150	133.399200
0.757738	23.580390	134.539500
0.679813	0.711684	136.161600
0.697304	3.044235	134.714200
0.713753	4.406194	135.085000
0.628927	5.624653	134.519300
0.728791	6.841743	135.126700
0.741921	6.688183	133.653800
0.640454	11.160360	133.817100
0.660245	12.443670	134.033000
0.748324	13.851920	134.065500
0.742259	15.336330	134.203500
0.659915	16.777300	134.114000
0.731859	18.175490	134.064700
0.695261	19.899470	133.572900
0.711226	22.113770	134.622200
0.664527	22.982230	135.832200
0.746119	0.751560	137.587000
0.684834	1.896927	135.485000
0.650587	3.107964	136.060600
0.688181	5.608922	135.836300
0.638487	7.067039	136.483300
0.655562	8.100108	135.703900
0.764491	8.185989	133.814400
0.701640	11.944600	135.311000
0.696917	13.339150	135.416700
0.660107	14.695730	135.451000
0.705108	16.061440	135.462400
0.691541	17.447300	135.287900
0.744866	19.381640	134.916700
0.641913	20.762160	134.715200
0.743338	21.566630	135.969900
0.737231	23.803470	136.968200
0.745089	0.746321	139.078300
0.654400	1.931122	136.823800
0.702222	4.387054	136.501200
0.739660	5.907952	137.232500
0.750035	8.329004	137.090800
0.662708	9.131764	134.883300
0.670077	9.851018	133.758900
0.741299	10.526430	135.044800
0.705273	12.558700	136.581600
0.673581	13.092820	137.852800
0.712824	15.266430	136.699700
0.632785	16.637190	136.671600
0.658860	18.559250	136.054200
0.662763	20.165250	136.086000
0.725716	22.357500	137.208000
0.690980	0.691043	140.513900
0.654873	1.934434	138.337800
0.740214	3.177666	137.449700
0.757060	7.163760	138.046800
0.740758	9.680796	137.719700
0.752469	9.563045	136.231100
0.764455	10.451830	141.411400
0.739000	11.040800	136.432900
0.711502	11.712990	137.718200
0.636411	13.906590	136.628200
0.637018	16.041060	137.805100
0.716009	17.861030	137.238600
0.752788	19.335930	137.233200
0.737229	20.891820	137.287700
0.646682	22.979270	138.431500
0.695336	0.700610	141.901500
0.732733	2.044229	139.785300
0.758655	4.591380	137.947800
0.692034	5.852253	138.669600
0.661248	8.510488	138.491700
0.749688	10.718910	138.789100
0.643912	11.109960	142.656600
0.742346	12.320110	139.039200
0.754565	13.814710	139.122100
0.683328	14.449560	137.831900
0.668550	17.179690	138.443900
0.730606	18.577420	138.508000
0.754150	20.084180	138.541400
0.759481	21.592720	138.665400
0.722446	24.183950	139.082100
0.638124	0.638088	143.233700
0.644704	1.864938	141.151100
0.706012	3.175580	138.896100
0.714034	4.496522	139.417400
0.715068	7.021490	139.512100
0.704603	9.874842	139.987000
0.638372	9.654991	142.566000
0.642421	12.718230	140.365600
0.632452	14.030310	140.492300
0.743941	15.305860	138.974100
0.671466	16.559270	139.631600
0.678035	17.900950	139.776200
0.702201	19.280990	139.756200
0.665875	20.646280	139.847200
0.641355	21.941750	140.022200
0.679474	23.257920	140.134600
0.661023	0.663228	144.533100
0.639641	1.924762	142.434200
0.730565	3.393891	140.350700
0.667255	5.737466	140.024100
0.743710	8.429295	139.894300
0.758491	11.330780	140.167800
0.679581	12.431650	142.756800
0.687029	11.900740	141.497400
0.688258	13.273820	141.574900
0.754739	15.417480	140.486100
0.716144	17.024500	140.938900
0.668870	18.410600	141.023800
0.697702	19.785910	141.061800
0.664641	21.148100	141.079400
0.663818	22.468880	141.221700
0.662793	24.110800	141.174200
0.648417	0.648394	145.842400
0.757659	1.899507	143.831300
0.697977	3.070529	141.742200
0.632288	6.330601	141.180300
0.656642	9.055653	141.146700
0.661655	8.372649	142.352400
0.674656	10.288370	143.716100
0.631040	12.965980	143.955800
0.757134	13.861680	142.895300
0.677995	14.635670	141.686800
0.646277	15.956980	141.785400
0.645593	17.675760	142.134700
0.725685	19.039940	142.274000
0.703136	20.468690	142.285000
0.713336	21.873790	142.463900
0.717987	23.298760	142.326500
0.752109	1.955861	145.340100
0.729714	3.227502	143.161300
0.727854	4.713360	140.978400
0.718251	7.680792	141.150400
0.628145	7.609615	143.651100
0.688229	8.925786	143.674200
0.691835	11.645200	143.880300
0.649290	12.161310	145.118200
0.707793	14.550570	144.188100
0.688842	15.306790	142.951600
0.692971	16.686290	143.036200
0.691400	18.157130	143.382400
0.634580	19.659790	143.504500
0.692763	21.008190	143.572400
0.637643	22.376900	143.717700
0.708569	23.722770	143.688600
0.687085	1.953479	146.779300
0.643663	5.582701	142.214100
0.751996	6.961283	142.432600
0.683798	6.656342	144.552500
0.630308	8.006179	144.849200
0.674431	9.362588	144.964900
0.706536	10.804060	144.997500
0.695370	11.453540	146.263900
0.669712	13.539300	145.123400
0.663567	15.921540	144.156600
0.698503	17.254020	144.438800
0.673279	18.867870	144.547400
0.690632	20.221950	144.710700
0.714666	21.621330	144.839200
0.631191	22.992000	144.844200
0.661086	24.283370	144.938400
0.656891	0.660989	147.147700
0.645887	4.295667	142.294500
0.762061	4.544030	143.863100
0.670411	5.793786	145.596500
0.688105	7.130960	145.839700
0.751427	8.538663	146.141100
0.735349	10.023840	146.210000
0.640643	10.684050	147.438000
0.677206	12.826100	146.266000
0.709674	15.309260	145.385800
0.656882	16.649630	145.651900
0.700495	18.007100	145.618600
0.690418	19.385030	145.809300
0.713157	20.779640	146.002500
0.727683	22.385960	146.062200
0.637846	23.750080	146.122800
0.733755	2.467016	148.104100
0.644905	5.893412	143.464600
0.669937	4.487972	145.294100
0.703962	4.869595	146.613900
0.684015	6.232274	146.878000
0.638485	7.535475	147.103100
0.692071	9.258645	147.415000
0.646996	9.997968	148.531400
0.687459	12.038380	147.517700
0.715570	14.234400	146.321700
0.683707	15.807370	146.695900
0.672446	17.158520	146.880000
0.690654	18.521730	146.911100
0.689893	19.894450	147.092200
0.669722	21.424320	147.228700
0.744349	22.865840	147.453700
0.689851	24.295160	147.333500
0.728992	0.730408	148.532000
0.732653	3.256152	144.623300
0.744346	3.880602	147.672100
0.637177	3.261986	149.221000
0.723779	5.311970	147.998600
0.697202	6.722692	148.169300
0.747572	8.157124	148.341900
0.670462	11.308850	148.663000
0.717587	13.443400	147.516700
0.633504	14.801180	147.546000
0.687246	16.333630	147.961800
0.667572	17.679840	148.114400
0.700046	19.046430	148.199000
0.685983	20.533090	148.310800
0.685985	21.891830	148.501200
0.704600	23.237120	148.854300
0.729743	3.254998	146.086300
0.678362	4.577752	149.193100
0.674795	5.929286	149.291100
0.731085	12.717490	148.770400
0.734127	14.182920	148.765900
0.667808	15.552850	149.069300
0.636992	16.854310	149.182900
0.651484	18.258520	149.299700
